colors = [57 106 177;218 124 48;62 150 81;204 37 41;83 81 84; 107 76 154;146 36 40;148 139 61]/255;
set(0,'DefaultAxesColorOrder', colors); 